0 0.9140286870904915 0.5246292578771874 0.12295803327818292 0.15296246268299923
0 0.9804410710205929 0.6769360978676424 0.039117857958814284 0.13026930267345413
0 0.785207806406801 0.799621261895323 0.14034435633066594 0.07505563868554468
0 0.3541953599775234 0.9077824912874112 0.16350121266133194 0.14874767735518085
0 0.762539693987055 0.9335059132320502 0.1265000446422686 0.08739200668363552
0 0.39547968993316046 0.2735796666136388 0.20983074188232517 0.11804311736154416
0 0.7165149387153444 0.3112587432368226 0.1252023717519414 0.1920431440165448
0 0.6855886724832901 0.06156782590709518 0.07491027110331831 0.0852295226766359
0 0.272258603895034 0.15311371996341078 0.09196140340856669 0.07761701734563582
0 0.4476026663909149 0.7527580892743664 0.07609094155801355 0.06337270401018139
0 0.8029020466675683 0.6493849045592321 0.09643071509696384 0.065171561346272