0 0.8167482502271426 0.4550819581516696 0.14272748982323477 0.16406747840045366
0 0.9184225356186786 0.5909053854636641 0.11238489258219672 0.1505307680561673
0 0.7096572879935279 0.7362376997141491 0.145210680687266 0.09241073320977691
0 0.2927110481702931 0.8813442915546303 0.18030937697836444 0.1669395072563944
0 0.6972723954113311 0.8829490086071565 0.14076219810012064 0.12656747840045385
0 0.2902277730670641 0.25667910825218604 0.22135045680654794 0.14653772721932726
0 0.6084012409548885 0.2638765716765152 0.15094278154634858 0.201785733209777
0 0.5620529426730536 0.04310771469027353 0.08214411465389268 0.04965774881887365
0 0.16117543815049795 0.15042412985173242 0.10121501922187681 0.08619544954451305
0 0.37474669945891703 0.7198462855641805 0.0832905348257091 0.07153274881887377
0 0.7166553177308541 0.5877729178629837 0.10393058344622794 0.07849207694917482